Button A pressed
Button B pressed
Updates für Geraet 0gestartet
Updates für Geraet 1gestartet
Hier auch
[[ 349.]
 [ 320.]
 [   1.]]
3
[[ 575.]
 [ 175.]
 [   1.]]
[[ 563.]
 [ 336.]
 [   1.]]
[[ 348.]
 [ 480.]
 [   1.]]
2
[[ 733.]
 [ 174.]
 [   1.]]
[[ 487.]
 [ 320.]
 [   1.]]
1
[[ 736.]
 [ 343.]
 [   1.]]
[[  9.13187475e-03   6.80636628e-04  -5.36993939e+00]
 [  5.93364085e-05   9.37515254e-03  -1.67477013e+00]
 [  4.04869302e-04   8.35553884e-04   1.00000000e+00]]
[[ 497.]
 [ 472.]
 [   1.]]
0
[matrix([[ 349.],
        [ 320.],
        [   1.]]), matrix([[ 487.],
        [ 320.],
        [   1.]]), matrix([[ 348.],
        [ 480.],
        [   1.]]), matrix([[ 497.],
        [ 472.],
        [   1.]])]
[[  7.26847173e-03   4.54279483e-05  -2.55123358e+00]
 [  1.39536820e-16   7.12262410e-03  -2.27923971e+00]
 [ -3.53061985e-04   5.46844640e-04   1.00000000e+00]]
[[ 567.]
 [ 336.]
 [   1.]]
[[  8.82535979e-03   4.38527195e-04  -5.15132414e+00]
 [  5.59653809e-05   8.84253017e-03  -1.57962287e+00]
 [  3.97863707e-04   5.88127717e-04   1.00000000e+00]]
[[ 569.]
 [ 176.]
 [   1.]]
[[  8.30209321e-03   1.03776165e-04  -4.74215564e+00]
 [  1.01275535e-04   8.30459384e-03  -1.51923429e+00]
 [  4.35170073e-04   2.43425688e-04   1.00000000e+00]]
[[ 735.]
 [ 174.]
 [   1.]]
[[  8.06067099e-03   1.00758387e-04  -4.60425527e+00]
 [  9.71598736e-05   8.06426951e-03  -1.47459540e+00]
 [  4.25138058e-04   1.45939056e-04   1.00000000e+00]]
[[ 741.]
 [ 336.]
 [   1.]]
[[  6.75987282e-03   8.44984103e-05  -3.86123936e+00]
 [  8.74381409e-05   7.25736569e-03  -1.32704866e+00]
 [  8.74381409e-05   3.31625621e-04   1.00000000e+00]]
